#/home/songhao/Repos/FindCopNum/experiment.py
# GMT Wed Dec  2 16:56:46 2020
# 
0 99 223
99 117
117 133 97
133 64
64 24 167
24
167
97 228
228 222
222 53
53
223 22 108
22 19
19
108 138 202 95
138
202 159 232
159
232 38
38
95 124 212
124 88
88 198
198 181 197
181 77
77 188
188 170
170 15 168 141
15 72
72
168
141 32 94 31 182
32
94 12
12
31 76 43
76 150
150 70 126
70
126
43 44
44 105 178
105 175
175 69 89
69
89 68
68
178
182 29 37 81
29
37 57
57 74 149
74
149
81 114
114 27 132 226 231 237
27
132 137
137 86
86 204
204
226
231
237 143 50 201
143 148
148 110
110
50 45 151 102 142
45 96
96
151
102 160
160
142 62
62 61
61 52
52 36
36 166
166
201 87 7 187 236
87
7 111
111 59
59 3
3 10
10
187 73
73 217 39
217 139
139
39 48
48 147
147 172
172 26
26 229
229
236 189
189 140 169
140 78
78
169
197 184
184 157
157 164
164 122 165
122
165 33 238
33 155
155
238
212 115 20
115 163
163 191
191
20 123 200
123
200 30
30 56 25
56
25 205 92 214
205 65
65
92 66
66 2 209
2
209 106 131
106 230
230 171
171
131 35 101
35
101 128 144
128 180
180 119
119 134 51
134 183
183
51 67 125
67 100
100 54 120
54
120 216
216 6 199 210
6 5
5 83
83
199
210 219
219 46 136
46
136
125 233
233 84 227
84
227
144 104
104 234
234
214 173
173 135
135 162 220
162
220 41 206
41 4 116
4
116 40
40 91
91 93 34
93
34 85 192
85
192
206 18 208
18 118
118 79
79
208 176
176 82
82 63
63 146
146 58 8 11
58
8 211 177
211 109
109
177 107 218
107
218 154
154 194
194
11 185 224 179
185 113 196
113
196 112
112 80
80 71
71 103 13
103 28
28
13 129 195
129 1
1
195
224
179 55 158
55
158 49
49 215
215 121
121 207 145
207
145 193 221 127 152
193 60
60
221 9
9 156
156
127 14 21 190
14
21 153
153 186
186 23
23
190 225
225 75 213
75
213
152 17
17 16 130 235
16
130
235 161
161 98 174
98 42
42
174 47
47 239
239 90
90 203
203
