#/home/songhao/Repos/FindCopNum/experiment.py
# GMT Wed Dec  2 16:55:24 2020
# 
0 43
43 10 118 46
10 85
85 95
95 106
106 83
83
118 31 102
31 81
81
102 41
41
46 92 91
92 96 70
96 110 109 29
110
109 15 25
15 33 49
33
49 40
40
25 87 51
87 5 61 42
5
61
42 66
66 100
100
51 39
39 65 112
65 104 108
104
108 71
71 32 63 82
32
63 74
74
82 55
55 80
80
112
29 21 8 17
21
8 68
68 9 57
9
57
17 52
52 64
64 38
38 116
116
70 35
35 1 18 73 84
1
18 69
69
73 30 78
30
78 67 99
67
99 26 13
26 14 23
14
23 113
113 37
37 105
105
13 7 77 93
7
77 75
75
93 86
86 114
114
84 20 117
20 53 19
53 48
48 60
60 22
22 111
111 98
98 47 89
47 88
88
89 36 107
36
107 72
72 4 16
4 28
28
16 24 90
24 3
3 6
6 34
34 11
11
90 50
50
19 103 101
103 62
62
101 76 27 97
76 54
54
27 94
94
97 2
2 115
115
117
91 56 79
56
79 58 12
58
12 44
44 45
45 119
119 59
59
