#/home/songhao/Repos/FindCopNum/experiment.py
# GMT Wed Dec  2 16:55:37 2020
# 
0 66
66 48
48 41
41 12 21
12 135
135
21 33 96
33 138
138 137
137 76
76 61 139
61 3
3 129
129
139
96 57 107 65
57 63
63
107
65 131 35
131
35 43 28
43 105 50
105
50 119
119
28 69 124
69 99 148
99 85
85
148 147
147
124 106 81 110
106
81 70
70 20 146
20
146 114
114 87 68
87
68 55 53 47
55
53 140
140 72
72
47 9 44
9 103
103
44 98 84 118
98
84 80 25 143
80 39 132
39
132
25 52
52 95 11
95
11 133
133 101
101
143
118 125 113
125
113 73 6
73
6 8 15
8 64 19
64
19 54 141
54
141
15 112
112 7
7 10 145
10 116 18 121
116
18 82
82 4
4 94
94 108
108 136
136 115
115 71 83
71 31
31 38 56
38
56
83
121 130
130 120
120 23 46 77 37
23
46
77 13 93
13
93 40
40
37 36
36 29 14
29 91
91 49
49
14 142
142
145
110 26 78 149
26
78
149 92 104 79
92 51 16
51
16 45
45 42 123
42
123 122
122
104 30
30 59 62
59
62 5 17 111
5
17 74
74 109
109
111 27 102
27 75
75
102 88
88 2 126
2 117
117 32
32
126 67
67 134
134
79 22 127
22 24
24 1 60
1
60 34 86
34
86 100
100
127 97 89
97
89 144
144 58 128
58 90
90
128
