#/home/songhao/Repos/FindCopNum/experiment.py
# GMT Wed Dec  2 16:58:05 2020
# 
0 78 105
78 7 287
7 95
95
287
105 216 254
216 38
38
254 221 266
221
266 164 233 118
164
233
118 1
1 17 87
17 146 269
146
269 227
227 259
259 292
292
87 251
251 100 248 278 110
100 238
238
248 160
160 64
64
278
110 131 82
131 228
228
82 213 283
213
283 133 222
133 147
147 220
220 65 263 139
65
263
139 253
253 2 47
2 58
58 237
237 128 188
128
188 48
48 67
67
47 45 130
45 294
294 31
31 99
99 11
11 117 235
117
235
130 101
101 170 242
170
242 157 286 91 29
157 97
97
286
91 56 142
56
142 109 173 186 151
109
173
186
151 144 46
144
46 33 88
33
88 90
90 267
267 4 71 208
4 202
202 61 113 252 285
61
113
252
285 37 28
37
28 176
176
71 143 125
143 198
198 50
50
125 18 271
18 265
265 224 34 163
224
34 59 207 140
59
207
140 21 75
21 94 191
94 70
70 81
81 197
197
191 55 231
55 201
201
231
75 268
268
163 62 150 185
62
150 178
178 155
155 243
243
185 8
8 116 245 165
116 132
132
245 162 212
162 174
174
212 43 102
43
102 24 77
24
77 236
236 180
180
165 122 290
122 193
193
290 123
123
271 296
296
208 60 149
60 275
275 32
32 40
40 145
145
149 39 257 169
39
257
169 297
297
29 298
298 204
204 26
26 86 161
86 6
6
161 136
136 184
184 230 255
230
255 217
217
222 106 13
106
13 16 103
16 211 279
211
279 63 166 229 289
63 239
239
166 250
250
229 284
284
289
103 53 200 23 22
53 9
9
200
23 135 121
135 249 156
249
156 19
19 159
159 152 256
152
256
121 270
270 262 179
262
179 205
205 98 295
98 281
281 85 108
85 234
234
108 54 187
54 171
171
187 83 288
83 272
272 172
172 52
52 15 195
15
195
288
295
22 41
41 49
49 25 190
25
190 225
225 264 154
264 119 168
119 57
57
168
154 92 148
92
148 111
111 42 10 114
42 273
273 192 183 74
192
183 51 129
51
129 80 138 276
80
138 258
258
276
74 84
84 44
44 124
124 107 137
107 72
72
137 223 36
223 209 158
209
158 219
219
36 141
141 218
218 226 291
226
291
10 3 104
3 246
246
104 93 30
93 127 196
127
196 20
20
30 189 206 199 69
189
206
199 112
112 126 182 280
126
182
280
69 261 27 232
261
27 73 66
73 14
14
66 68 79
68 175
175 134
134
79 277 282
277 177
177
282 215
215 35
35
232 194
194 210
210 293
293 181
181 5
5
114 115 167 299
115 247
247 241
241
167 153 214
153 89
89
214 260 244
260
244 12
12 274
274
299 203
203 240
240 120
120 76
76 96
96
