#/home/songhao/Repos/FindCopNum/experiment.py
# GMT Wed Dec  2 16:57:22 2020
# 
0 129
129 137
137 73 22
73 268
268 27 62 66 81
27
62
66
81 123
123 199
199
22 144 208 30
144 36
36
208
30 257
257 201 203 34 101
201 116 158
116 111
111
158
203
34 260
260 240
240 9
9 165 200
165
200 155
155
101 72
72 212 55 38
212 134 118
134 160
160 10
10
118 106
106 175
175
55 244
244 263
263 236 26
236
26 163 250
163 186 96 259
186
96 71 60 187 14
71
60 98
98 104
104 70
70 52
52
187 64
64
14 1
1 5
5 249
249
259 2
2 105
105 13
13 58 119 216
58
119
216
250 151
151 193 107
193 185
185 113
113
107 75
75 264
264 126
126
38 16 228 254 23
16
228 28
28
254 238
238 128 168 35 207
128
168
35 109
109 3 227 224 125
3
227 86
86 40 205 221
40
205
221
224 95 19
95 54
54
19 248 209
248
209 157
157 127
127 153 225 262
153 143
143
225
262 65 196
65 53
53 74
74
196
125 18
18 21 112 183 213
21 146
146
112 131
131 44 231
44 246
246
231 226
226 256
256 241
241 202
202 24 114
24 150
150
114 15
15 61 176
61
176 147
147
183 76 243
76
243 218
218 94
94 245
245 29 78
29 204
204 194
194
78 232 261
232 77 222
77 206
206
222 79 11
79 115 177
115
177 90
90
11 83 195
83
195 139
139 247
247
261 93
93 138
138
213 178
178 265
265
207 92
92 266
266 100
100 229
229
23 179
179 172 253 89
172 46 124 230
46
124 223
223 120
120 102
102 117
117
230 7 189
7
189
253 214
214 4
4 108 121
108
121 237
237
89 8 135 152 133
8
135
152 45
45
133 169
169 57 132
57 145 210
145
210 32
32 154 130
154 88 217
88 85
85 69
69
217 68
68
130 220 219 251
220 91 49
91
49 167
167
219 182 192 142
182
192
142 161 20
161
20 103 50
103 174
174 84
84 180
180 25
25 31 211
31
211
50 159 171 235
159 164
164
171
235
251 122
122 39
39
132 166
166 184
184 82 17
82 148 43
148
43 80
80 170 141
170 6
6 136
136
141 197 181 156
197
181 149 140
149
140 252
252
156 37
37 59
59 99
99 56 110 41
56
110
41 87
87 255
255 173
173
17 215 47
215
47 188 97 67
188
97 198
198
67 191
191 42 242
42 162
162
242 190
190 258 12
258 51
51 63
63
12 33 48 233
33
48
233 234 239 267
234
239
267 269
269
