#/home/songhao/Repos/FindCopNum/experiment.py
# GMT Wed Dec  2 16:55:15 2020
# 
0 73 60
73 56
56
60 72 69 89
72 63 21 39
63
21 15
15 7 71
7 27
27
71
39 50 29 44
50
29 26
26 67
67
44 81
81 42
42 12
12 43 53
43 8
8
53 68
68
69 37 86 2
37 13
13
86 38
38
2 31
31 17 33
17
33 10 57 9
10
57
9 80 14
80
14 49 55
49
55 35 5
35
5 79 47
79
47 74 32
74 64
64 16
16
32 18 85 20
18 28
28 24 54
24
54 22 66
22
66 40 84
40
84 1
1 30 36
30
36
85
20 65
65 11 88
11
88
89 3 75 58
3
75
58 46
46 62 34
62
34 25 6 48
25
6 59
59
48 70
70 83 76
83
76 23 61
23 51
51 77 19 41
77
19 4 78
4
78
41 82
82
61 45
45 52 87
52
87
