#/home/songhao/Repos/FindCopNum/experiment.py
# GMT Wed Dec  2 16:55:55 2020
# 
0 161
161 152 108
152
108 79 62 160
79
62 31 140
31
140
160 48 164 57
48 134
134
164
57 25
25 41
41 99
99 88 116
88 16 5
16 106
106
5 7 63
7
63 77
77 81 91 92 165
81
91
92 128
128 34 122 149
34 61
61 2
2 101
101 104
104
122 71 136
71 93
93
136
149
165
116 153 12
153
12 145 27
145 65
65
27 117 37
117
37 100 23 95
100 17
17 13
13 103 110
103 87
87 4 56
4
56 135
135 44
44
110 68 176
68 170
170
176
23 3
3 40 54
40
54 127 138 105 133 36 144
127
138
105 151
151
133 46 154 114
46
154
114 129
129 59 67
59
67 84 107 143 141
84
107 157
157
143 96
96 6
6 55
55 42 51
42
51 162
162
141 45
45 166
166
36 82
82 126 172
126
172 22 72
22
72
144 60 78
60
78 120
120 9 131 10
9 8
8 24 38
24
38
131 50
50
10 94 28
94 49 102
49
102 14 137 119 159
14 19
19 32 132
32
132
137 85
85
119 139
139
159 155 173
155 80 115
80
115 33
33 64 26
64 74
74
26 52
52 98 109
98
109
173
28 150
150 177
177
95 73
73 118 83
118 76
76 35 175
35 125
125
175
83 66
66 148
148 43 69 124 29
43
69
124 158
158
29 97 90
97 89
89
90 121
121 130 123
130 21
21 171 146
171
146 53 75 168 20
53 142
142
75 70 147 39
70 11
11 18
18 15
15
147
39 156 163
156
163
168
20 1
1 58
58 111 174
111
174
123 86 30 167 179
86
30 112
112
167 47
47
179 113
113 169
169 178
178
