#/home/songhao/Repos/FindCopNum/experiment.py
# GMT Wed Dec  2 16:56:17 2020
# 
0 2 70 187
2
70
187 1
1 19 135 52
19
135 86 183
86
183 27
27 11
11
52 73 191
73
191 118 120
118
120 71 156 159 83 61
71
156 148 153
148 136
136
153
159 79
79 81
81
83 181
181 25
25
61 121 66
121 113
113 15 190 199
15
190
199 151 110 97
151
110 59 171
59
171 164
164 78
78 40 158
40
158
97 42 63
42
63 58
58 20 34 62 101 102 147 168
20
34
62
101
102 92
92
147 128 131
128
131
168 198
198 122 162 36
122
162 175 104 192 157
175
104 182
182
192 144 125
144
125 188
188
157 47
47 189 172
189
172 145 3
145 35
35 108
108 54
54 8
8
3 207
207 41 39 76 130 154 114
41 4
4
39 55 65
55 53
53
65
76
130 138
138
154
114 77 194 166
77
194 24
24
166 100 152 32 74
100
152
32 67 49
67
49 88 179 180
88 91
91
179 96 137
96
137
180 46 56
46
56
74 106
106 195
195 64
64
36 28
28 7 85
7
85 72 208
72
208 89 167
89
167 87 33
87
33 200
200 139 98
139
98 99
99 150
150
66 161 142 133
161
142 17 141 170 14
17 26 111 119
26 50
50 44
44
111
119
141
170 5 176
5
176 173 146 123
173 13 82
13
82
146 23 177
23
177 68
68
123 51
51 69 205
69 129
129
205 43
43
14 115
115 57
57 163 107
163 16
16
107 206
206 84 94
84
94 184
184 178
178
133 95
95 201 30
201 143
143
30 109
109 29
29 185 116
185
116 174
174 6 10
6
10 196 197 165
196
197 117
117
165 203
203 75 9 149
75 18 90
18 12
12
90 80
80 48
48 202
202 103 105
103 126
126 124
124 37
37
105 160
160 38
38 93
93
9 127
127 186 60
186
60 169
169 134 22
134 132
132 140
140 155 193
155 45
45
193 21
21
22 112 204
112
204
149 31 209
31
209
